			PltRpt=1 Group=1 Copy of US LUM 384 (cps)(1) De=USLum Ex=N/A Em=N/A Wdw=N/A		PltRpt=1 Crosstalk = Crosstalk correction where Label : Copy of US LUM 384 (cps)(1) channel 1		
Plate	Barcode	Well	CalcResult	Signal	CalcResult		
1		A01	221160	44232	221160		
1		A02	180180	36036	180180		
1		A03	164500	32900	164500		
1		A04	159460	31892	159460		
1		A05	161840	32368	161840		
1		A06	202520	40504	202520		
1		A07	178860	35772	178860		
1		A08	143420	28684	143420		
1		A09	192640	38528	192640		
1		A10	190360	38072	190360		
1		A11	148260	29652	148260		
1		A12	200040	40008	200040		
1		A13	177980	35596	177980		
1		A14	206940	41388	206940		
1		A15	135760	27152	135760		
1		A16	183620	36724	183620		
1		A17	166980	33396	166980		
1		A18	176600	35320	176600		
1		A19	169760	33952	169760		
1		A20	179480	35896	179480		
1		A21	152020	30404	152020		
1		A22	176880	35376	176880		
1		A23	222160	44432	222160		
1		A24	172380	34476	172380		
1		B01	194740	38948	194740		
1		B02	145160	29032	145160		
1		B03	149120	29824	149120		
1		B04	170100	34020	170100		
1		B05	221200	44240	221200		
1		B06	161000	32200	161000		
1		B07	168060	33612	168060		
1		B08	149940	29988	149940		
1		B09	123040	24608	123040		
1		B10	209140	41828	209140		
1		B11	154220	30844	154220		
1		B12	180640	36128	180640		
1		B13	155480	31096	155480		
1		B14	207120	41424	207120		
1		B15	170900	34180	170900		
1		B16	156720	31344	156720		
1		B17	140000	28000	140000		
1		B18	217000	43400	217000		
1		B19	143540	28708	143540		
1		B20	160940	32188	160940		
1		B21	148900	29780	148900		
1		B22	249920	49984	249920		
1		B23	177400	35480	177400		
1		B24	177280	35456	177280		
1		C01	178180	35636	178180		
1		C02	193500	38700	193500		
1		C03	153120	30624	153120		
1		C04	172580	34516	172580		
1		C05	162760	32552	162760		
1		C06	116800	23360	116800		
1		C07	174300	34860	174300		
1		C08	211440	42288	211440		
1		C09	150680	30136	150680		
1		C10	131060	26212	131060		
1		C11	206380	41276	206380		
1		C12	97520	19504	97520		
1		C13	105520	21104	105520		
1		C14	155820	31164	155820		
1		C15	143820	28764	143820		
1		C16	168700	33740	168700		
1		C17	151580	30316	151580		
1		C18	173080	34616	173080		
1		C19	139020	27804	139020		
1		C20	152700	30540	152700		
1		C21	113620	22724	113620		
1		C22	208240	41648	208240		
1		C23	157340	31468	157340		
1		C24	166440	33288	166440		
1		D01	175780	35156	175780		
1		D02	162380	32476	162380		
1		D03	223440	44688	223440		
1		D04	243500	48700	243500		
1		D05	173640	34728	173640		
1		D06	243620	48724	243620		
1		D07	106440	21288	106440		
1		D08	191980	38396	191980		
1		D09	125960	25192	125960		
1		D10	108640	21728	108640		
1		D11	108480	21696	108480		
1		D12	155500	31100	155500		
1		D13	155420	31084	155420		
1		D14	212840	42568	212840		
1		D15	175180	35036	175180		
1		D16	126620	25324	126620		
1		D17	191040	38208	191040		
1		D18	114440	22888	114440		
1		D19	168980	33796	168980		
1		D20	225000	45000	225000		
1		D21	206180	41236	206180		
1		D22	194000	38800	194000		
1		D23	231940	46388	231940		
1		D24	193120	38624	193120		
1		E01	190980	38196	190980		
1		E02	194700	38940	194700		
1		E03	184740	36948	184740		
1		E04	129760	25952	129760		
1		E05	140780	28156	140780		
1		E06	161040	32208	161040		
1		E07	130020	26004	130020		
1		E08	138780	27756	138780		
1		E09	153240	30648	153240		
1		E10	115660	23132	115660		
1		E11	101600	20320	101600		
1		E12	137760	27552	137760		
1		E13	170600	34120	170600		
1		E14	251700	50340	251700		
1		E15	189760	37952	189760		
1		E16	157960	31592	157960		
1		E17	167920	33584	167920		
1		E18	147320	29464	147320		
1		E19	150400	30080	150400		
1		E20	146480	29296	146480		
1		E21	121500	24300	121500		
1		E22	183060	36612	183060		
1		E23	142860	28572	142860		
1		E24	135580	27116	135580		
1		F01	215200	43040	215200		
1		F02	180760	36152	180760		
1		F03	150820	30164	150820		
1		F04	131720	26344	131720		
1		F05	141180	28236	141180		
1		F06	183540	36708	183540		
1		F07	159260	31852	159260		
1		F08	134300	26860	134300		
1		F09	154280	30856	154280		
1		F10	115300	23060	115300		
1		F11	160980	32196	160980		
1		F12	183840	36768	183840		
1		F13	171500	34300	171500		
1		F14	137500	27500	137500		
1		F15	186540	37308	186540		
1		F16	154540	30908	154540		
1		F17	111480	22296	111480		
1		F18	109240	21848	109240		
1		F19	155280	31056	155280		
1		F20	146940	29388	146940		
1		F21	181460	36292	181460		
1		F22	158540	31708	158540		
1		F23	127900	25580	127900		
1		F24	174000	34800	174000		
1		G01	251120	50224	251120		
1		G02	125840	25168	125840		
1		G03	155700	31140	155700		
1		G04	144160	28832	144160		
1		G05	150920	30184	150920		
1		G06	108440	21688	108440		
1		G07	124280	24856	124280		
1		G08	116060	23212	116060		
1		G09	170020	34004	170020		
1		G10	208260	41652	208260		
1		G11	201220	40244	201220		
1		G12	125480	25096	125480		
1		G13	126840	25368	126840		
1		G14	187180	37436	187180		
1		G15	146640	29328	146640		
1		G16	146620	29324	146620		
1		G17	133460	26692	133460		
1		G18	133120	26624	133120		
1		G19	129420	25884	129420		
1		G20	145160	29032	145160		
1		G21	109080	21816	109080		
1		G22	153700	30740	153700		
1		G23	192800	38560	192800		
1		G24	155400	31080	155400		
1		H01	150620	30124	150620		
1		H02	127640	25528	127640		
1		H03	122540	24508	122540		
1		H04	114380	22876	114380		
1		H05	133140	26628	133140		
1		H06	126820	25364	126820		
1		H07	124680	24936	124680		
1		H08	127640	25528	127640		
1		H09	139040	27808	139040		
1		H10	110600	22120	110600		
1		H11	117720	23544	117720		
1		H12	126720	25344	126720		
1		H13	173400	34680	173400		
1		H14	124880	24976	124880		
1		H15	103120	20624	103120		
1		H16	117080	23416	117080		
1		H17	143960	28792	143960		
1		H18	111400	22280	111400		
1		H19	122300	24460	122300		
1		H20	140240	28048	140240		
1		H21	142000	28400	142000		
1		H22	131260	26252	131260		
1		H23	161220	32244	161220		
1		H24	146220	29244	146220		
1		I01	152200	30440	152200		
1		I02	135360	27072	135360		
1		I03	171980	34396	171980		
1		I04	131160	26232	131160		
1		I05	119080	23816	119080		
1		I06	117520	23504	117520		
1		I07	147480	29496	147480		
1		I08	114800	22960	114800		
1		I09	134280	26856	134280		
1		I10	124400	24880	124400		
1		I11	122040	24408	122040		
1		I12	107020	21404	107020		
1		I13	119340	23868	119340		
1		I14	134260	26852	134260		
1		I15	158560	31712	158560		
1		I16	129120	25824	129120		
1		I17	114220	22844	114220		
1		I18	114100	22820	114100		
1		I19	138380	27676	138380		
1		I20	138960	27792	138960		
1		I21	117740	23548	117740		
1		I22	120780	24156	120780		
1		I23	156940	31388	156940		
1		I24	157940	31588	157940		
1		J01	134560	26912	134560		
1		J02	145360	29072	145360		
1		J03	92060	18412	92060		
1		J04	108220	21644	108220		
1		J05	152380	30476	152380		
1		J06	114840	22968	114840		
1		J07	147540	29508	147540		
1		J08	132000	26400	132000		
1		J09	139460	27892	139460		
1		J10	139600	27920	139600		
1		J11	107100	21420	107100		
1		J12	115560	23112	115560		
1		J13	138420	27684	138420		
1		J14	116340	23268	116340		
1		J15	128740	25748	128740		
1		J16	155940	31188	155940		
1		J17	169000	33800	169000		
1		J18	200960	40192	200960		
1		J19	133200	26640	133200		
1		J20	201540	40308	201540		
1		J21	198100	39620	198100		
1		J22	158960	31792	158960		
1		J23	163860	32772	163860		
1		J24	169560	33912	169560		
1		K01	160880	32176	160880		
1		K02	115500	23100	115500		
1		K03	136500	27300	136500		
1		K04	122960	24592	122960		
1		K05	150120	30024	150120		
1		K06	153920	30784	153920		
1		K07	131060	26212	131060		
1		K08	142900	28580	142900		
1		K09	156460	31292	156460		
1		K10	122600	24520	122600		
1		K11	153300	30660	153300		
1		K12	223520	44704	223520		
1		K13	101820	20364	101820		
1		K14	137300	27460	137300		
1		K15	143340	28668	143340		
1		K16	232820	46564	232820		
1		K17	130020	26004	130020		
1		K18	26260	5252	26260		
1		K19	41260	8252	41260		
1		K20	26920	5384	26920		
1		K21	22500	4500	22500		
1		K22	161880	32376	161880		
1		K23	248920	49784	248920		
1		K24	186360	37272	186360		
1		L01	145580	29116	145580		
1		L02	187740	37548	187740		
1		L03	130000	26000	130000		
1		L04	119380	23876	119380		
1		L05	163740	32748	163740		
1		L06	125800	25160	125800		
1		L07	146520	29304	146520		
1		L08	150880	30176	150880		
1		L09	126280	25256	126280		
1		L10	100740	20148	100740		
1		L11	160400	32080	160400		
1		L12	155520	31104	155520		
1		L13	103220	20644	103220		
1		L14	117400	23480	117400		
1		L15	144560	28912	144560		
1		L16	161760	32352	161760		
1		L17	142400	28480	142400		
1		L18	161060	32212	161060		
1		L19	260380	52076	260380		
1		L20	158120	31624	158120		
1		L21	186640	37328	186640		
1		L22	167080	33416	167080		
1		L23	190340	38068	190340		
1		L24	158560	31712	158560		
1		M01	139700	27940	139700		
1		M02	115000	23000	115000		
1		M03	96000	19200	96000		
1		M04	110340	22068	110340		
1		M05	129540	25908	129540		
1		M06	111160	22232	111160		
1		M07	114140	22828	114140		
1		M08	281220	56244	281220		
1		M09	150640	30128	150640		
1		M10	88020	17604	88020		
1		M11	119700	23940	119700		
1		M12	124120	24824	124120		
1		M13	136360	27272	136360		
1		M14	193800	38760	193800		
1		M15	139880	27976	139880		
1		M16	122500	24500	122500		
1		M17	139300	27860	139300		
1		M18	150140	30028	150140		
1		M19	173300	34660	173300		
1		M20	158400	31680	158400		
1		M21	164220	32844	164220		
1		M22	149760	29952	149760		
1		M23	151860	30372	151860		
1		M24	158740	31748	158740		
1		N01	171420	34284	171420		
1		N02	152940	30588	152940		
1		N03	139600	27920	139600		
1		N04	141260	28252	141260		
1		N05	136000	27200	136000		
1		N06	157300	31460	157300		
1		N07	134940	26988	134940		
1		N08	149260	29852	149260		
1		N09	140680	28136	140680		
1		N10	116580	23316	116580		
1		N11	147820	29564	147820		
1		N12	113260	22652	113260		
1		N13	124680	24936	124680		
1		N14	112180	22436	112180		
1		N15	155360	31072	155360		
1		N16	110280	22056	110280		
1		N17	175880	35176	175880		
1		N18	25660	5132	25660		
1		N19	23200	4640	23200		
1		N20	30240	6048	30240		
1		N21	30540	6108	30540		
1		N22	143720	28744	143720		
1		N23	157300	31460	157300		
1		N24	162680	32536	162680		
1		O01	148240	29648	148240		
1		O02	409480	81896	409480		
1		O03	203460	40692	203460		
1		O04	141080	28216	141080		
1		O05	156180	31236	156180		
1		O06	153080	30616	153080		
1		O07	153340	30668	153340		
1		O08	170320	34064	170320		
1		O09	154780	30956	154780		
1		O10	154540	30908	154540		
1		O11	196120	39224	196120		
1		O12	208340	41668	208340		
1		O13	112980	22596	112980		
1		O14	154780	30956	154780		
1		O15	152720	30544	152720		
1		O16	117900	23580	117900		
1		O17	122320	24464	122320		
1		O18	90300	18060	90300		
1		O19	77320	15464	77320		
1		O20	79960	15992	79960		
1		O21	65220	13044	65220		
1		O22	161740	32348	161740		
1		O23	186280	37256	186280		
1		O24	190720	38144	190720		
1		P01	161640	32328	161640		
1		P02	132940	26588	132940		
1		P03	130240	26048	130240		
1		P04	227860	45572	227860		
1		P05	156080	31216	156080		
1		P06	183480	36696	183480		
1		P07	149260	29852	149260		
1		P08	170360	34072	170360		
1		P09	113060	22612	113060		
1		P10	133180	26636	133180		
1		P11	172140	34428	172140		
1		P12	165520	33104	165520		
1		P13	158420	31684	158420		
1		P14	184580	36916	184580		
1		P15	131680	26336	131680		
1		P16	218660	43732	218660		
1		P17	169760	33952	169760		
1		P18	189960	37992	189960		
1		P19	197600	39520	197600		
1		P20	145240	29048	145240		
1		P21	147880	29576	147880		
1		P22	215840	43168	215840		
1		P23	173200	34640	173200		
1		P24	232020	46404	232020		

Exported with EnVision Workstation version 1.08 Rev.2
