			PltRpt=1 Group=1 Copy of US LUM 384 (cps)(1) De=USLum Ex=N/A Em=N/A Wdw=N/A				PltRpt=1 Crosstalk = Crosstalk correction where Label : Copy of US LUM 384 (cps)(1) channel 1					
Plate	Barcode	Well	CalcResultI	Signal	Flashes/Time	MeasTime	CalcResultI	Signal		MeasTime		
1		A01	221160	44232	0.2	00:00:00.000	221160	0	0	0		
1		A02	180180	36036	0.2	00:00:00.281	180180	0	0	0		
1		A03	164500	32900	0.2	00:00:00.578	164500	0	0	0		
1		A04	159460	31892	0.2	00:00:00.875	159460	0	0	0		
1		A05	161840	32368	0.2	00:00:01.172	161840	0	0	0		
1		A06	202520	40504	0.2	00:00:01.469	202520	0	0	0		
1		A07	178860	35772	0.2	00:00:01.765	178860	0	0	0		
1		A08	143420	28684	0.2	00:00:02.062	143420	0	0	0		
1		A09	192640	38528	0.2	00:00:02.344	192640	0	0	0		
1		A10	190360	38072	0.2	00:00:02.640	190360	0	0	0		
1		A11	148260	29652	0.2	00:00:02.937	148260	0	0	0		
1		A12	200040	40008	0.2	00:00:03.234	200040	0	0	0		
1		A13	177980	35596	0.2	00:00:03.531	177980	0	0	0		
1		A14	206940	41388	0.2	00:00:03.828	206940	0	0	0		
1		A15	135760	27152	0.2	00:00:04.125	135760	0	0	0		
1		A16	183620	36724	0.2	00:00:04.422	183620	0	0	0		
1		A17	166980	33396	0.2	00:00:04.703	166980	0	0	0		
1		A18	176600	35320	0.2	00:00:05.000	176600	0	0	0		
1		A19	169760	33952	0.2	00:00:05.297	169760	0	0	0		
1		A20	179480	35896	0.2	00:00:05.594	179480	0	0	0		
1		A21	152020	30404	0.2	00:00:05.890	152020	0	0	0		
1		A22	176880	35376	0.2	00:00:06.187	176880	0	0	0		
1		A23	222160	44432	0.2	00:00:06.484	222160	0	0	0		
1		A24	172380	34476	0.2	00:00:06.765	172380	0	0	0		
1		B01	194740	38948	0.2	00:00:13.922	194740	0	0	0		
1		B02	145160	29032	0.2	00:00:13.625	145160	0	0	0		
1		B03	149120	29824	0.2	00:00:13.328	149120	0	0	0		
1		B04	170100	34020	0.2	00:00:13.031	170100	0	0	0		
1		B05	221200	44240	0.2	00:00:12.734	221200	0	0	0		
1		B06	161000	32200	0.2	00:00:12.437	161000	0	0	0		
1		B07	168060	33612	0.2	00:00:12.140	168060	0	0	0		
1		B08	149940	29988	0.2	00:00:11.859	149940	0	0	0		
1		B09	123040	24608	0.2	00:00:11.562	123040	0	0	0		
1		B10	209140	41828	0.2	00:00:11.265	209140	0	0	0		
1		B11	154220	30844	0.2	00:00:10.969	154220	0	0	0		
1		B12	180640	36128	0.2	00:00:10.672	180640	0	0	0		
1		B13	155480	31096	0.2	00:00:10.375	155480	0	0	0		
1		B14	207120	41424	0.2	00:00:10.078	207120	0	0	0		
1		B15	170900	34180	0.2	00:00:09.797	170900	0	0	0		
1		B16	156720	31344	0.2	00:00:09.500	156720	0	0	0		
1		B17	140000	28000	0.2	00:00:09.203	140000	0	0	0		
1		B18	217000	43400	0.2	00:00:08.906	217000	0	0	0		
1		B19	143540	28708	0.2	00:00:08.609	143540	0	0	0		
1		B20	160940	32188	0.2	00:00:08.312	160940	0	0	0		
1		B21	148900	29780	0.2	00:00:08.015	148900	0	0	0		
1		B22	249920	49984	0.2	00:00:07.719	249920	0	0	0		
1		B23	177400	35480	0.2	00:00:07.437	177400	0	0	0		
1		B24	177280	35456	0.2	00:00:07.140	177280	0	0	0		
1		C01	178180	35636	0.2	00:00:14.281	178180	0	0	0		
1		C02	193500	38700	0.2	00:00:14.562	193500	0	0	0		
1		C03	153120	30624	0.2	00:00:14.859	153120	0	0	0		
1		C04	172580	34516	0.2	00:00:15.156	172580	0	0	0		
1		C05	162760	32552	0.2	00:00:15.453	162760	0	0	0		
1		C06	116800	23360	0.2	00:00:15.750	116800	0	0	0		
1		C07	174300	34860	0.2	00:00:16.047	174300	0	0	0		
1		C08	211440	42288	0.2	00:00:16.344	211440	0	0	0		
1		C09	150680	30136	0.2	00:00:16.640	150680	0	0	0		
1		C10	131060	26212	0.2	00:00:16.937	131060	0	0	0		
1		C11	206380	41276	0.2	00:00:17.219	206380	0	0	0		
1		C12	97520	19504	0.2	00:00:17.515	97520	0	0	0		
1		C13	105520	21104	0.2	00:00:17.812	105520	0	0	0		
1		C14	155820	31164	0.2	00:00:18.109	155820	0	0	0		
1		C15	143820	28764	0.2	00:00:18.406	143820	0	0	0		
1		C16	168700	33740	0.2	00:00:18.703	168700	0	0	0		
1		C17	151580	30316	0.2	00:00:19.000	151580	0	0	0		
1		C18	173080	34616	0.2	00:00:19.297	173080	0	0	0		
1		C19	139020	27804	0.2	00:00:19.594	139020	0	0	0		
1		C20	152700	30540	0.2	00:00:19.875	152700	0	0	0		
1		C21	113620	22724	0.2	00:00:20.172	113620	0	0	0		
1		C22	208240	41648	0.2	00:00:20.469	208240	0	0	0		
1		C23	157340	31468	0.2	00:00:20.765	157340	0	0	0		
1		C24	166440	33288	0.2	00:00:21.062	166440	0	0	0		
1		D01	175780	35156	0.2	00:00:28.203	175780	0	0	0		
1		D02	162380	32476	0.2	00:00:27.906	162380	0	0	0		
1		D03	223440	44688	0.2	00:00:27.625	223440	0	0	0		
1		D04	243500	48700	0.2	00:00:27.328	243500	0	0	0		
1		D05	173640	34728	0.2	00:00:27.031	173640	0	0	0		
1		D06	243620	48724	0.2	00:00:26.734	243620	0	0	0		
1		D07	106440	21288	0.2	00:00:26.437	106440	0	0	0		
1		D08	191980	38396	0.2	00:00:26.140	191980	0	0	0		
1		D09	125960	25192	0.2	00:00:25.844	125960	0	0	0		
1		D10	108640	21728	0.2	00:00:25.547	108640	0	0	0		
1		D11	108480	21696	0.2	00:00:25.250	108480	0	0	0		
1		D12	155500	31100	0.2	00:00:24.969	155500	0	0	0		
1		D13	155420	31084	0.2	00:00:24.672	155420	0	0	0		
1		D14	212840	42568	0.2	00:00:24.375	212840	0	0	0		
1		D15	175180	35036	0.2	00:00:24.078	175180	0	0	0		
1		D16	126620	25324	0.2	00:00:23.781	126620	0	0	0		
1		D17	191040	38208	0.2	00:00:23.484	191040	0	0	0		
1		D18	114440	22888	0.2	00:00:23.187	114440	0	0	0		
1		D19	168980	33796	0.2	00:00:22.890	168980	0	0	0		
1		D20	225000	45000	0.2	00:00:22.609	225000	0	0	0		
1		D21	206180	41236	0.2	00:00:22.312	206180	0	0	0		
1		D22	194000	38800	0.2	00:00:22.015	194000	0	0	0		
1		D23	231940	46388	0.2	00:00:21.719	231940	0	0	0		
1		D24	193120	38624	0.2	00:00:21.422	193120	0	0	0		
1		E01	190980	38196	0.2	00:00:28.562	190980	0	0	0		
1		E02	194700	38940	0.2	00:00:28.859	194700	0	0	0		
1		E03	184740	36948	0.2	00:00:29.156	184740	0	0	0		
1		E04	129760	25952	0.2	00:00:29.453	129760	0	0	0		
1		E05	140780	28156	0.2	00:00:29.750	140780	0	0	0		
1		E06	161040	32208	0.2	00:00:30.047	161040	0	0	0		
1		E07	130020	26004	0.2	00:00:30.344	130020	0	0	0		
1		E08	138780	27756	0.2	00:00:30.640	138780	0	0	0		
1		E09	153240	30648	0.2	00:00:30.937	153240	0	0	0		
1		E10	115660	23132	0.2	00:00:31.219	115660	0	0	0		
1		E11	101600	20320	0.2	00:00:31.515	101600	0	0	0		
1		E12	137760	27552	0.2	00:00:31.812	137760	0	0	0		
1		E13	170600	34120	0.2	00:00:32.109	170600	0	0	0		
1		E14	251700	50340	0.2	00:00:32.406	251700	0	0	0		
1		E15	189760	37952	0.2	00:00:32.703	189760	0	0	0		
1		E16	157960	31592	0.2	00:00:33.000	157960	0	0	0		
1		E17	167920	33584	0.2	00:00:33.297	167920	0	0	0		
1		E18	147320	29464	0.2	00:00:33.578	147320	0	0	0		
1		E19	150400	30080	0.2	00:00:33.875	150400	0	0	0		
1		E20	146480	29296	0.2	00:00:34.172	146480	0	0	0		
1		E21	121500	24300	0.2	00:00:34.469	121500	0	0	0		
1		E22	183060	36612	0.2	00:00:34.765	183060	0	0	0		
1		E23	142860	28572	0.2	00:00:35.062	142860	0	0	0		
1		E24	135580	27116	0.2	00:00:35.359	135580	0	0	0		
1		F01	215200	43040	0.2	00:00:42.500	215200	0	0	0		
1		F02	180760	36152	0.2	00:00:42.203	180760	0	0	0		
1		F03	150820	30164	0.2	00:00:41.906	150820	0	0	0		
1		F04	131720	26344	0.2	00:00:41.609	131720	0	0	0		
1		F05	141180	28236	0.2	00:00:41.328	141180	0	0	0		
1		F06	183540	36708	0.2	00:00:41.031	183540	0	0	0		
1		F07	159260	31852	0.2	00:00:40.734	159260	0	0	0		
1		F08	134300	26860	0.2	00:00:40.437	134300	0	0	0		
1		F09	154280	30856	0.2	00:00:40.140	154280	0	0	0		
1		F10	115300	23060	0.2	00:00:39.844	115300	0	0	0		
1		F11	160980	32196	0.2	00:00:39.547	160980	0	0	0		
1		F12	183840	36768	0.2	00:00:39.250	183840	0	0	0		
1		F13	171500	34300	0.2	00:00:38.953	171500	0	0	0		
1		F14	137500	27500	0.2	00:00:38.672	137500	0	0	0		
1		F15	186540	37308	0.2	00:00:38.375	186540	0	0	0		
1		F16	154540	30908	0.2	00:00:38.078	154540	0	0	0		
1		F17	111480	22296	0.2	00:00:37.781	111480	0	0	0		
1		F18	109240	21848	0.2	00:00:37.484	109240	0	0	0		
1		F19	155280	31056	0.2	00:00:37.187	155280	0	0	0		
1		F20	146940	29388	0.2	00:00:36.890	146940	0	0	0		
1		F21	181460	36292	0.2	00:00:36.594	181460	0	0	0		
1		F22	158540	31708	0.2	00:00:36.312	158540	0	0	0		
1		F23	127900	25580	0.2	00:00:36.015	127900	0	0	0		
1		F24	174000	34800	0.2	00:00:35.719	174000	0	0	0		
1		G01	251120	50224	0.2	00:00:42.859	251120	0	0	0		
1		G02	125840	25168	0.2	00:00:43.156	125840	0	0	0		
1		G03	155700	31140	0.2	00:00:43.453	155700	0	0	0		
1		G04	144160	28832	0.2	00:00:43.750	144160	0	0	0		
1		G05	150920	30184	0.2	00:00:44.031	150920	0	0	0		
1		G06	108440	21688	0.2	00:00:44.328	108440	0	0	0		
1		G07	124280	24856	0.2	00:00:44.625	124280	0	0	0		
1		G08	116060	23212	0.2	00:00:44.922	116060	0	0	0		
1		G09	170020	34004	0.2	00:00:45.219	170020	0	0	0		
1		G10	208260	41652	0.2	00:00:45.515	208260	0	0	0		
1		G11	201220	40244	0.2	00:00:45.812	201220	0	0	0		
1		G12	125480	25096	0.2	00:00:46.109	125480	0	0	0		
1		G13	126840	25368	0.2	00:00:46.406	126840	0	0	0		
1		G14	187180	37436	0.2	00:00:46.687	187180	0	0	0		
1		G15	146640	29328	0.2	00:00:46.984	146640	0	0	0		
1		G16	146620	29324	0.2	00:00:47.281	146620	0	0	0		
1		G17	133460	26692	0.2	00:00:47.578	133460	0	0	0		
1		G18	133120	26624	0.2	00:00:47.875	133120	0	0	0		
1		G19	129420	25884	0.2	00:00:48.172	129420	0	0	0		
1		G20	145160	29032	0.2	00:00:48.469	145160	0	0	0		
1		G21	109080	21816	0.2	00:00:48.765	109080	0	0	0		
1		G22	153700	30740	0.2	00:00:49.047	153700	0	0	0		
1		G23	192800	38560	0.2	00:00:49.344	192800	0	0	0		
1		G24	155400	31080	0.2	00:00:49.640	155400	0	0	0		
1		H01	150620	30124	0.2	00:00:56.781	150620	0	0	0		
1		H02	127640	25528	0.2	00:00:56.484	127640	0	0	0		
1		H03	122540	24508	0.2	00:00:56.203	122540	0	0	0		
1		H04	114380	22876	0.2	00:00:55.906	114380	0	0	0		
1		H05	133140	26628	0.2	00:00:55.609	133140	0	0	0		
1		H06	126820	25364	0.2	00:00:55.312	126820	0	0	0		
1		H07	124680	24936	0.2	00:00:55.015	124680	0	0	0		
1		H08	127640	25528	0.2	00:00:54.719	127640	0	0	0		
1		H09	139040	27808	0.2	00:00:54.422	139040	0	0	0		
1		H10	110600	22120	0.2	00:00:54.125	110600	0	0	0		
1		H11	117720	23544	0.2	00:00:53.828	117720	0	0	0		
1		H12	126720	25344	0.2	00:00:53.547	126720	0	0	0		
1		H13	173400	34680	0.2	00:00:53.250	173400	0	0	0		
1		H14	124880	24976	0.2	00:00:52.953	124880	0	0	0		
1		H15	103120	20624	0.2	00:00:52.656	103120	0	0	0		
1		H16	117080	23416	0.2	00:00:52.359	117080	0	0	0		
1		H17	143960	28792	0.2	00:00:52.062	143960	0	0	0		
1		H18	111400	22280	0.2	00:00:51.765	111400	0	0	0		
1		H19	122300	24460	0.2	00:00:51.469	122300	0	0	0		
1		H20	140240	28048	0.2	00:00:51.187	140240	0	0	0		
1		H21	142000	28400	0.2	00:00:50.890	142000	0	0	0		
1		H22	131260	26252	0.2	00:00:50.594	131260	0	0	0		
1		H23	161220	32244	0.2	00:00:50.297	161220	0	0	0		
1		H24	146220	29244	0.2	00:00:50.000	146220	0	0	0		
1		I01	152200	30440	0.2	00:00:57.140	152200	0	0	0		
1		I02	135360	27072	0.2	00:00:57.437	135360	0	0	0		
1		I03	171980	34396	0.2	00:00:57.734	171980	0	0	0		
1		I04	131160	26232	0.2	00:00:58.031	131160	0	0	0		
1		I05	119080	23816	0.2	00:00:58.328	119080	0	0	0		
1		I06	117520	23504	0.2	00:00:58.625	117520	0	0	0		
1		I07	147480	29496	0.2	00:00:58.906	147480	0	0	0		
1		I08	114800	22960	0.2	00:00:59.203	114800	0	0	0		
1		I09	134280	26856	0.2	00:00:59.500	134280	0	0	0		
1		I10	124400	24880	0.2	00:00:59.797	124400	0	0	0		
1		I11	122040	24408	0.2	00:01:00.094	122040	0	0	0		
1		I12	107020	21404	0.2	00:01:00.390	107020	0	0	0		
1		I13	119340	23868	0.2	00:01:00.687	119340	0	0	0		
1		I14	134260	26852	0.2	00:01:00.984	134260	0	0	0		
1		I15	158560	31712	0.2	00:01:01.281	158560	0	0	0		
1		I16	129120	25824	0.2	00:01:01.562	129120	0	0	0		
1		I17	114220	22844	0.2	00:01:01.859	114220	0	0	0		
1		I18	114100	22820	0.2	00:01:02.156	114100	0	0	0		
1		I19	138380	27676	0.2	00:01:02.453	138380	0	0	0		
1		I20	138960	27792	0.2	00:01:02.750	138960	0	0	0		
1		I21	117740	23548	0.2	00:01:03.047	117740	0	0	0		
1		I22	120780	24156	0.2	00:01:03.344	120780	0	0	0		
1		I23	156940	31388	0.2	00:01:03.640	156940	0	0	0		
1		I24	157940	31588	0.2	00:01:03.922	157940	0	0	0		
1		J01	134560	26912	0.2	00:01:11.078	134560	0	0	0		
1		J02	145360	29072	0.2	00:01:10.781	145360	0	0	0		
1		J03	92060	18412	0.2	00:01:10.484	92060	0	0	0		
1		J04	108220	21644	0.2	00:01:10.187	108220	0	0	0		
1		J05	152380	30476	0.2	00:01:09.890	152380	0	0	0		
1		J06	114840	22968	0.2	00:01:09.594	114840	0	0	0		
1		J07	147540	29508	0.2	00:01:09.297	147540	0	0	0		
1		J08	132000	26400	0.2	00:01:09.000	132000	0	0	0		
1		J09	139460	27892	0.2	00:01:08.719	139460	0	0	0		
1		J10	139600	27920	0.2	00:01:08.422	139600	0	0	0		
1		J11	107100	21420	0.2	00:01:08.125	107100	0	0	0		
1		J12	115560	23112	0.2	00:01:07.828	115560	0	0	0		
1		J13	138420	27684	0.2	00:01:07.531	138420	0	0	0		
1		J14	116340	23268	0.2	00:01:07.234	116340	0	0	0		
1		J15	128740	25748	0.2	00:01:06.937	128740	0	0	0		
1		J16	155940	31188	0.2	00:01:06.640	155940	0	0	0		
1		J17	169000	33800	0.2	00:01:06.359	169000	0	0	0		
1		J18	200960	40192	0.2	00:01:06.062	200960	0	0	0		
1		J19	133200	26640	0.2	00:01:05.765	133200	0	0	0		
1		J20	201540	40308	0.2	00:01:05.469	201540	0	0	0		
1		J21	198100	39620	0.2	00:01:05.172	198100	0	0	0		
1		J22	158960	31792	0.2	00:01:04.875	158960	0	0	0		
1		J23	163860	32772	0.2	00:01:04.578	163860	0	0	0		
1		J24	169560	33912	0.2	00:01:04.281	169560	0	0	0		
1		K01	160880	32176	0.2	00:01:11.437	160880	0	0	0		
1		K02	115500	23100	0.2	00:01:11.719	115500	0	0	0		
1		K03	136500	27300	0.2	00:01:12.015	136500	0	0	0		
1		K04	122960	24592	0.2	00:01:12.312	122960	0	0	0		
1		K05	150120	30024	0.2	00:01:12.609	150120	0	0	0		
1		K06	153920	30784	0.2	00:01:12.906	153920	0	0	0		
1		K07	131060	26212	0.2	00:01:13.203	131060	0	0	0		
1		K08	142900	28580	0.2	00:01:13.500	142900	0	0	0		
1		K09	156460	31292	0.2	00:01:13.797	156460	0	0	0		
1		K10	122600	24520	0.2	00:01:14.078	122600	0	0	0		
1		K11	153300	30660	0.2	00:01:14.375	153300	0	0	0		
1		K12	223520	44704	0.2	00:01:14.672	223520	0	0	0		
1		K13	101820	20364	0.2	00:01:14.969	101820	0	0	0		
1		K14	137300	27460	0.2	00:01:15.265	137300	0	0	0		
1		K15	143340	28668	0.2	00:01:15.562	143340	0	0	0		
1		K16	232820	46564	0.2	00:01:15.859	232820	0	0	0		
1		K17	130020	26004	0.2	00:01:16.156	130020	0	0	0		
1		K18	26260	5252	0.2	00:01:16.437	26260	0	0	0		
1		K19	41260	8252	0.2	00:01:16.734	41260	0	0	0		
1		K20	26920	5384	0.2	00:01:17.031	26920	0	0	0		
1		K21	22500	4500	0.2	00:01:17.328	22500	0	0	0		
1		K22	161880	32376	0.2	00:01:17.625	161880	0	0	0		
1		K23	248920	49784	0.2	00:01:17.922	248920	0	0	0		
1		K24	186360	37272	0.2	00:01:18.219	186360	0	0	0		
1		L01	145580	29116	0.2	00:01:25.359	145580	0	0	0		
1		L02	187740	37548	0.2	00:01:25.062	187740	0	0	0		
1		L03	130000	26000	0.2	00:01:24.765	130000	0	0	0		
1		L04	119380	23876	0.2	00:01:24.469	119380	0	0	0		
1		L05	163740	32748	0.2	00:01:24.172	163740	0	0	0		
1		L06	125800	25160	0.2	00:01:23.890	125800	0	0	0		
1		L07	146520	29304	0.2	00:01:23.594	146520	0	0	0		
1		L08	150880	30176	0.2	00:01:23.297	150880	0	0	0		
1		L09	126280	25256	0.2	00:01:23.000	126280	0	0	0		
1		L10	100740	20148	0.2	00:01:22.703	100740	0	0	0		
1		L11	160400	32080	0.2	00:01:22.406	160400	0	0	0		
1		L12	155520	31104	0.2	00:01:22.109	155520	0	0	0		
1		L13	103220	20644	0.2	00:01:21.812	103220	0	0	0		
1		L14	117400	23480	0.2	00:01:21.515	117400	0	0	0		
1		L15	144560	28912	0.2	00:01:21.234	144560	0	0	0		
1		L16	161760	32352	0.2	00:01:20.937	161760	0	0	0		
1		L17	142400	28480	0.2	00:01:20.640	142400	0	0	0		
1		L18	161060	32212	0.2	00:01:20.344	161060	0	0	0		
1		L19	260380	52076	0.2	00:01:20.047	260380	0	0	0		
1		L20	158120	31624	0.2	00:01:19.750	158120	0	0	0		
1		L21	186640	37328	0.2	00:01:19.453	186640	0	0	0		
1		L22	167080	33416	0.2	00:01:19.156	167080	0	0	0		
1		L23	190340	38068	0.2	00:01:18.875	190340	0	0	0		
1		L24	158560	31712	0.2	00:01:18.578	158560	0	0	0		
1		M01	139700	27940	0.2	00:01:25.719	139700	0	0	0		
1		M02	115000	23000	0.2	00:01:26.015	115000	0	0	0		
1		M03	96000	19200	0.2	00:01:26.312	96000	0	0	0		
1		M04	110340	22068	0.2	00:01:26.594	110340	0	0	0		
1		M05	129540	25908	0.2	00:01:26.890	129540	0	0	0		
1		M06	111160	22232	0.2	00:01:27.187	111160	0	0	0		
1		M07	114140	22828	0.2	00:01:27.484	114140	0	0	0		
1		M08	281220	56244	0.2	00:01:27.781	281220	0	0	0		
1		M09	150640	30128	0.2	00:01:28.078	150640	0	0	0		
1		M10	88020	17604	0.2	00:01:28.375	88020	0	0	0		
1		M11	119700	23940	0.2	00:01:28.672	119700	0	0	0		
1		M12	124120	24824	0.2	00:01:28.969	124120	0	0	0		
1		M13	136360	27272	0.2	00:01:29.250	136360	0	0	0		
1		M14	193800	38760	0.2	00:01:29.547	193800	0	0	0		
1		M15	139880	27976	0.2	00:01:29.844	139880	0	0	0		
1		M16	122500	24500	0.2	00:01:30.140	122500	0	0	0		
1		M17	139300	27860	0.2	00:01:30.437	139300	0	0	0		
1		M18	150140	30028	0.2	00:01:30.734	150140	0	0	0		
1		M19	173300	34660	0.2	00:01:31.031	173300	0	0	0		
1		M20	158400	31680	0.2	00:01:31.328	158400	0	0	0		
1		M21	164220	32844	0.2	00:01:31.609	164220	0	0	0		
1		M22	149760	29952	0.2	00:01:31.906	149760	0	0	0		
1		M23	151860	30372	0.2	00:01:32.203	151860	0	0	0		
1		M24	158740	31748	0.2	00:01:32.500	158740	0	0	0		
1		N01	171420	34284	0.2	00:01:39.640	171420	0	0	0		
1		N02	152940	30588	0.2	00:01:39.359	152940	0	0	0		
1		N03	139600	27920	0.2	00:01:39.062	139600	0	0	0		
1		N04	141260	28252	0.2	00:01:38.765	141260	0	0	0		
1		N05	136000	27200	0.2	00:01:38.469	136000	0	0	0		
1		N06	157300	31460	0.2	00:01:38.172	157300	0	0	0		
1		N07	134940	26988	0.2	00:01:37.875	134940	0	0	0		
1		N08	149260	29852	0.2	00:01:37.578	149260	0	0	0		
1		N09	140680	28136	0.2	00:01:37.281	140680	0	0	0		
1		N10	116580	23316	0.2	00:01:37.000	116580	0	0	0		
1		N11	147820	29564	0.2	00:01:36.703	147820	0	0	0		
1		N12	113260	22652	0.2	00:01:36.406	113260	0	0	0		
1		N13	124680	24936	0.2	00:01:36.109	124680	0	0	0		
1		N14	112180	22436	0.2	00:01:35.812	112180	0	0	0		
1		N15	155360	31072	0.2	00:01:35.515	155360	0	0	0		
1		N16	110280	22056	0.2	00:01:35.219	110280	0	0	0		
1		N17	175880	35176	0.2	00:01:34.922	175880	0	0	0		
1		N18	25660	5132	0.2	00:01:34.640	25660	0	0	0		
1		N19	23200	4640	0.2	00:01:34.344	23200	0	0	0		
1		N20	30240	6048	0.2	00:01:34.047	30240	0	0	0		
1		N21	30540	6108	0.2	00:01:33.750	30540	0	0	0		
1		N22	143720	28744	0.2	00:01:33.453	143720	0	0	0		
1		N23	157300	31460	0.2	00:01:33.156	157300	0	0	0		
1		N24	162680	32536	0.2	00:01:32.859	162680	0	0	0		
1		O01	148240	29648	0.2	00:01:40.000	148240	0	0	0		
1		O02	409480	81896	0.2	00:01:40.297	409480	0	0	0		
1		O03	203460	40692	0.2	00:01:40.594	203460	0	0	0		
1		O04	141080	28216	0.2	00:01:40.890	141080	0	0	0		
1		O05	156180	31236	0.2	00:01:41.187	156180	0	0	0		
1		O06	153080	30616	0.2	00:01:41.484	153080	0	0	0		
1		O07	153340	30668	0.2	00:01:41.781	153340	0	0	0		
1		O08	170320	34064	0.2	00:01:42.078	170320	0	0	0		
1		O09	154780	30956	0.2	00:01:42.359	154780	0	0	0		
1		O10	154540	30908	0.2	00:01:42.656	154540	0	0	0		
1		O11	196120	39224	0.2	00:01:42.953	196120	0	0	0		
1		O12	208340	41668	0.2	00:01:43.250	208340	0	0	0		
1		O13	112980	22596	0.2	00:01:43.547	112980	0	0	0		
1		O14	154780	30956	0.2	00:01:43.844	154780	0	0	0		
1		O15	152720	30544	0.2	00:01:44.140	152720	0	0	0		
1		O16	117900	23580	0.2	00:01:44.437	117900	0	0	0		
1		O17	122320	24464	0.2	00:01:44.719	122320	0	0	0		
1		O18	90300	18060	0.2	00:01:45.015	90300	0	0	0		
1		O19	77320	15464	0.2	00:01:45.312	77320	0	0	0		
1		O20	79960	15992	0.2	00:01:45.609	79960	0	0	0		
1		O21	65220	13044	0.2	00:01:45.906	65220	0	0	0		
1		O22	161740	32348	0.2	00:01:46.203	161740	0	0	0		
1		O23	186280	37256	0.2	00:01:46.500	186280	0	0	0		
1		O24	190720	38144	0.2	00:01:46.797	190720	0	0	0		
1		P01	161640	32328	0.2	00:01:53.937	161640	0	0	0		
1		P02	132940	26588	0.2	00:01:53.640	132940	0	0	0		
1		P03	130240	26048	0.2	00:01:53.344	130240	0	0	0		
1		P04	227860	45572	0.2	00:01:53.047	227860	0	0	0		
1		P05	156080	31216	0.2	00:01:52.765	156080	0	0	0		
1		P06	183480	36696	0.2	00:01:52.469	183480	0	0	0		
1		P07	149260	29852	0.2	00:01:52.172	149260	0	0	0		
1		P08	170360	34072	0.2	00:01:51.875	170360	0	0	0		
1		P09	113060	22612	0.2	00:01:51.578	113060	0	0	0		
1		P10	133180	26636	0.2	00:01:51.281	133180	0	0	0		
1		P11	172140	34428	0.2	00:01:50.984	172140	0	0	0		
1		P12	165520	33104	0.2	00:01:50.687	165520	0	0	0		
1		P13	158420	31684	0.2	00:01:50.390	158420	0	0	0		
1		P14	184580	36916	0.2	00:01:50.109	184580	0	0	0		
1		P15	131680	26336	0.2	00:01:49.812	131680	0	0	0		
1		P16	218660	43732	0.2	00:01:49.515	218660	0	0	0		
1		P17	169760	33952	0.2	00:01:49.219	169760	0	0	0		
1		P18	189960	37992	0.2	00:01:48.922	189960	0	0	0		
1		P19	197600	39520	0.2	00:01:48.625	197600	0	0	0		
1		P20	145240	29048	0.2	00:01:48.328	145240	0	0	0		
1		P21	147880	29576	0.2	00:01:48.047	147880	0	0	0		
1		P22	215840	43168	0.2	00:01:47.750	215840	0	0	0		
1		P23	173200	34640	0.2	00:01:47.453	173200	0	0	0		
1		P24	232020	46404	0.2	00:01:47.156	232020	0	0	0		

Exported with EnVision Workstation version 1.08 Rev.2
